15 (24822)
2401 2301 (25362)
4727 4627 4785 4527 4833 4807 4798 (26448)
6867 4493 4496 4499 4502 (24656)
6867 4496 168 4499 4502 84 161 (25201)
7057 277 168 84 161 (25225)
7057 4496 168 4499 4502 84 161 (25044)
4413 4493 4496 4499 4502 (25170)
4413 277 168 84 161 (24739)
4413 4496 168 4499 4502 84 161 (25192)
2297 (29189)
4798 7072 (24875)
4503 4937 (24544)
4503 4933 (24755)
4493 277 4496 168 4499 4502 84 161 (26986)
277 197 (24646)
277 7072 (24730)
4496 4499 7072 (24578)
4937 4933 197 (25867)
4937 4933 7072 (28524)
168 4499 84 197 161 (24609)
168 4499 84 161 7072 (24760)
168 4502 84 197 161 (24749)
168 4502 84 161 7072 (24824)
4499 4502 197 (25639)
4499 4502 7072 (26022)
197 7072 (30787)
